hr9087	5.1	117	900
hr1084	3.7	206	600
hr7913	3.4	155	300
hr7596	5.6	82	900
hr591	2.84	250	300
hr1544	4.35	97	180
hr1208	3.26	190	300
hr8783	4.7	130	600
hr8812	3.64	185	300
hr7596	5.6	110	900
hr8783	4.69	131	600
hr7596	5.6	80	900
hr1084	3.7	133	600
hr1208	3.26	143	300
hr591	2.84	221	300
hr8812	3.64	140	300
hr1084	3.7	245	600
hr1544	4.35	87	180
hr8783	4.69	110	420
hd218860	8.78	20	900
hr7913	3.4	120	120
hr8232	2.89	156	120
hr6595  4.86    89  300
hr8812   3.64   117 120 
hr591   2.84    152 120
hr7596  5.6 91  600
hr8783  4.7 133 420
hr1084  3.7 103 120
hd199058 8.6   23.5    900
hr9087  5.1 113 600
hr1544  4.35    103 400
hd224228   8.22     24  900
HD218860    8.78    22  900
HR1544, 4.35    144 400
